[LEFT_CAM_2K]
fx=1401.64
fy=1401.64
cx=1157.93
cy=647.906
k1=-0.174318
k2=0.0261121
p1=0
p2=0

[RIGHT_CAM_2K]
fx=1397.52
fy=1397.52
cx=1107.16
cy=654.257
k1=-0.172731
k2=0.0257849
p1=0
p2=0

[LEFT_CAM_FHD]
fx=1401.64
fy=1401.64
cx=1013.93
cy=566.906
k1=-0.174318
k2=0.0261121
p1=0
p2=0

[RIGHT_CAM_FHD]
fx=1397.52
fy=1397.52
cx=963.163
cy=573.257
k1=-0.172731
k2=0.0257849
p1=0
p2=0

[LEFT_CAM_HD]
fx=700.819
fy=700.819
cx=665.465
cy=371.953
k1=-0.174318
k2=0.0261121
p1=0
p2=0

[RIGHT_CAM_HD]
fx=698.76
fy=698.76
cx=640.082
cy=375.129
k1=-0.172731
k2=0.0257849
p1=0
p2=0

[LEFT_CAM_VGA]
fx=350.409
fy=350.409
cx=348.233
cy=193.477
k1=-0.174318
k2=0.0261121
p1=0
p2=0

[RIGHT_CAM_VGA]
fx=349.38
fy=349.38
cx=335.541
cy=195.064
k1=-0.172731
k2=0.0257849
p1=0
p2=0

[STEREO]
Baseline=120
CV_2K=0.00958521
CV_FHD=0.00958521
CV_HD=0.00958521
CV_VGA=0.00958521
RX_2K=0.00497864
RX_FHD=0.00497864
RX_HD=0.00497864
RX_VGA=0.00497864
RZ_2K=-0.00185401
RZ_FHD=-0.00185401
RZ_HD=-0.00185401
RZ_VGA=-0.00185401



